14 6.859643 6.405002 17.006252 -0.867662 -13.519852 -3.107249 -19.065611 -12.915773 -7.090217 -6.096091 -8.434372 15.226624 -1.934787 45.601336 3.053409 -16.072159 -9.803064 -8.088998 14.566588 -1.723021
11 -5.889543 -3.444688 4.258434 -15.060437 -9.763601 -0.323920 0.671277 0.308568 11.605868 -3.622178 27.425426 -2.156752 -14.292173 0.354542 -0.023410 5.504565 2.918155 2.456202 -2.079643 1.153308
20 -5.945169 -13.885058 -8.163427 -0.835881 16.037234 -10.873551 20.419855 14.367081 -14.435064 6.870605 -7.728283 -9.378760 -2.217030 -13.578116 18.224299 -4.641453 -4.216594 11.422642 -12.506165 21.062840
14 1.912975 1.593307 2.665408 -12.241155 -5.466096 -2.602365 -13.826589 -13.081149 -2.323924 -5.741449 -6.203801 9.651544 -13.273082 43.230574 -3.436732 -10.472875 2.672911 -4.360081 19.027280 12.275298
14 5.973332 -0.031195 -3.116289 -4.370163 0.123075 -3.603323 -5.928867 4.276075 2.340519 -1.943392 -3.657966 4.941433 -3.119067 17.951866 -3.554951 -3.206945 0.285285 -1.810539 0.438575 -1.987464
14 2.819847 -1.713972 -0.886587 -2.094188 0.147170 -0.421864 -3.737701 -1.263123 0.971780 1.912260 -0.426797 2.326480 -2.849631 9.516577 -1.345688 -2.567428 -0.149226 -1.837876 0.126322 1.473644
15 -3.323552 6.388463 9.157319 -3.240893 10.057585 -3.259527 -19.551839 -7.113542 -6.905989 2.391143 12.762406 -7.053281 -12.960328 -7.282950 30.967348 7.581379 -3.864733 -3.328398 -3.670994 2.250382
14 6.500625 -5.868056 13.310902 -8.158613 -3.251030 -6.774244 -16.822546 -9.203636 -3.117726 -9.039854 1.218667 7.345731 -11.293268 47.411958 8.352494 -10.132427 -10.344136 -4.961344 11.150671 3.675832
16 -5.686956 -8.281661 -2.276259 -6.307669 16.990404 -7.648192 7.762692 7.559023 -1.656177 -0.436408 -2.539226 -7.033164 -11.066719 -1.633477 6.638171 24.636918 0.524082 1.853332 -5.998629 -5.400084
8 -2.335418 -3.391821 -3.053764 -0.745274 10.526182 -8.684501 6.084137 23.697626 -3.324303 -1.958347 2.733381 -4.000348 -0.044176 -3.877532 1.336668 -10.700231 3.264161 0.111164 -2.371141 -3.266464
19 -2.918797 5.318204 7.385716 -7.183933 -3.166420 0.121859 -20.403402 -13.914641 1.399983 -2.230531 -2.185933 -1.490243 -6.636745 12.431772 5.282767 -11.853956 14.126611 -8.190537 21.411917 12.696308
5 3.435113 -1.751910 -1.014591 -2.026424 7.240844 -1.029419 6.021358 -4.103509 5.761567 -2.068649 -2.426743 1.308982 -4.838775 7.175025 -3.106767 -1.723356 -4.240532 -1.623009 -0.868149 -0.121057
3 -4.015848 -4.621606 15.217040 -3.951213 -1.030633 -5.683978 14.001016 -15.340058 1.484765 -1.416210 -2.805438 -2.210135 -1.901961 8.078552 -1.524519 3.528864 -8.489914 5.530411 0.989838 4.161027
15 -4.848613 6.356794 7.665631 -6.620556 8.007946 -13.152054 -13.905271 -4.685258 4.644661 -1.369207 6.733806 -1.788162 -10.544731 -4.171699 15.136716 -2.852269 -3.161114 3.406565 9.221947 5.924866
3 -2.933063 -0.460781 17.068075 -6.222630 6.105337 -5.183013 0.917265 -1.165556 0.440060 -5.349871 3.118498 -3.734639 -3.578127 -0.267403 10.894427 -6.145640 -0.778963 -0.497622 0.358123 -2.584477
2 -5.176221 16.507458 1.982755 2.574956 -2.525970 -4.399952 6.052506 -5.020905 1.188644 8.025606 -2.934593 -4.128922 -8.401592 -1.017445 -5.728133 2.744752 -4.034067 9.501086 -3.116759 -2.093205
14 -0.210024 -2.826912 4.125476 -4.182550 5.770121 0.654302 -1.737663 -1.090117 -1.628309 -0.500718 -2.249414 3.948430 -4.465287 11.325573 -2.185282 -2.624993 -4.413303 -2.996875 4.241347 1.046201
14 0.598007 -4.905841 1.148920 -7.416565 -2.149613 -5.325568 2.957768 -1.955979 0.591095 -2.120414 2.925191 -0.191742 -4.420577 15.075565 0.070311 2.956080 -6.830454 -4.859177 10.843454 3.009540
16 -2.697985 -2.597070 4.410069 -3.314166 -4.810682 -3.147702 -0.812724 -4.991563 4.827242 -1.517328 -0.009542 -1.396839 -6.783517 3.852711 1.952486 6.742487 2.026004 -1.472701 5.134523 4.606298
14 -0.883244 -3.259210 0.120838 -2.255765 3.647555 -6.304330 -8.966357 2.069257 -1.265739 0.148926 4.286421 1.200485 -1.599836 11.019862 7.988045 -2.983268 -3.348462 -5.820614 5.154155 1.051282
14 1.416807 -8.691703 0.654452 -10.149541 -3.715703 -3.918618 2.247470 -5.227584 -2.132944 -2.826691 -1.727334 -0.255473 0.973246 17.292576 11.540595 3.930946 2.237194 -9.446322 8.287982 -0.489353
19 -2.728065 -2.312538 1.930676 -2.705504 -8.029551 -1.606368 4.967644 2.905599 2.787328 -0.578219 -3.749851 -4.211795 -3.696845 2.964875 -0.633046 -8.185236 -0.387434 10.163163 12.631395 0.473772
7 -7.047326 7.334178 -11.235176 16.223144 -0.698081 -14.366726 23.419940 -16.444938 1.808429 0.439377 8.971995 -4.027303 -6.410078 -8.488788 -9.993116 17.724730 -1.119083 2.570868 2.903201 -1.565246
14 -1.316066 3.660416 3.828738 -6.572393 -7.530578 -3.464154 -2.061390 -6.152825 -2.036976 -2.556322 5.947097 2.457593 0.337547 19.638756 0.810313 -9.635558 -2.564371 -0.490568 6.090001 1.610741
19 -0.457183 -1.161245 3.995934 -1.979947 -3.756404 0.059661 6.020768 -6.854738 3.008774 -0.949457 0.701563 -0.040876 -3.085185 6.787253 -10.379883 -2.633370 -0.866206 -1.988075 11.524743 2.053874
14 1.407778 -2.897015 6.542376 -4.011038 -3.447935 0.504281 -1.979716 -1.203198 -2.953535 -3.778471 -0.836783 2.608779 -1.722540 13.782858 0.302976 -1.056799 -4.945268 -2.445027 7.724617 -1.596340
19 -0.018136 -2.440872 -0.511156 -4.941063 -0.186286 7.500937 -0.139464 -0.982033 0.496135 -4.317920 -0.341038 -0.350358 -6.979272 10.767623 -4.228418 -1.788461 -4.982727 -1.749292 13.010799 2.181003
2 -8.305718 15.162557 -4.614269 -8.268545 -1.090968 0.473538 -10.815017 4.260617 -4.666796 11.771963 5.822446 -7.121993 -12.545877 -1.392807 5.642845 9.796185 -2.184222 9.664819 -2.626071 1.037314
5 -5.224632 5.935807 -12.323917 3.351184 22.059372 4.835238 3.800072 -7.663788 2.311312 -0.789025 -1.232692 -4.621739 -9.138258 -3.697800 -3.244722 13.013927 1.462770 -1.008878 -3.543634 -4.280598
10 -3.988345 8.950585 1.562695 -2.702692 6.306593 5.103203 -13.455586 -2.984444 -2.462625 9.552271 1.277550 -4.334133 -7.340975 -4.672873 0.690740 -0.398863 2.377009 6.376474 -5.726505 5.869922
7 -2.150553 -7.963673 0.941145 -0.658076 10.450011 -7.620962 13.311340 6.811490 -2.613813 5.305118 -8.390573 -3.810778 0.017766 -3.090709 1.094532 -11.051792 6.478185 10.908863 -3.228068 -4.739454
7 -3.077556 2.083909 -4.265584 10.055558 -0.484358 -2.970360 42.829580 -3.549395 -3.129792 -1.976174 -5.671823 -4.994783 -5.621499 -4.294278 -4.942886 -2.411526 -0.910586 1.977488 -5.420742 -3.225192
4 -2.202324 -1.513289 5.354505 6.652435 -1.957577 -1.895954 0.411458 -3.449485 0.791473 -2.718196 -0.548230 -0.338577 -3.149900 -1.958791 2.162834 3.530687 -1.332667 -1.942452 1.591109 2.512942
14 0.280152 -4.149015 0.404622 6.453487 -2.893409 -5.709737 7.501984 -6.304208 -2.027070 -2.399887 -0.218437 1.064946 -5.813586 11.263127 -1.856952 1.133991 -2.320602 -1.756486 5.289899 2.057180
7 -3.191769 2.669994 -0.073855 1.888965 7.654287 -15.017032 31.779871 -7.217732 -3.369746 -2.746118 -11.353894 -5.541690 3.043239 -5.325512 -11.603014 17.157776 -4.463727 2.028832 1.722689 1.958436
15 -5.256450 -8.402476 10.088784 9.615793 -6.904453 -0.472263 -16.148966 -2.636679 9.690581 -0.463186 0.654229 -2.039637 -8.814415 -0.174222 14.005086 3.269181 -8.113465 13.058917 -7.007164 6.050805
11 -5.484262 -4.596035 4.758700 0.398161 3.231588 3.523986 1.638617 -1.165401 7.987922 -3.680308 9.975758 -5.892584 -4.425247 0.464565 -1.997737 8.456588 -2.647952 -5.544526 0.172336 -5.174168
14 0.852134 -2.590007 5.219434 -2.789233 -2.796661 0.828525 -0.735236 -0.689057 -2.197474 -2.681464 -0.843681 1.664501 -1.185385 10.288319 0.111337 -0.618779 -4.456898 -1.657254 5.916869 -1.639989
14 2.151459 -2.097760 -3.398330 -6.018308 0.855634 -5.633889 1.175758 2.428351 -1.687633 -3.351644 -1.270057 2.839765 -4.198349 20.790807 -4.512535 -0.412475 -2.782145 0.192673 5.829640 -0.900961
