5 -13.413462 -6.565517 -9.373886 3.673483 49.095694 4.925231 -10.801021 -0.697372 -6.057375 -0.610912 -6.322875 -8.877686 8.768989 -1.961524 -9.607122 -2.644202 -13.911735 -0.320642 9.617031 15.084899
16 -15.290643 -6.482147 9.980959 1.244046 10.863289 -14.874529 -1.890026 6.439825 -7.746747 -12.990541 -4.512880 14.206372 -5.628470 -2.358949 8.811368 37.298994 -15.656610 7.009516 6.224891 -14.647720
15 7.587365 -1.784972 5.894532 -9.117922 4.726720 14.173560 -4.623234 2.769919 11.927428 16.469833 -12.391046 8.608083 -20.611705 -12.854561 18.849833 15.317787 -22.153148 -13.372190 -21.826529 12.410245
10 14.426499 -6.458690 23.631710 -11.412109 -2.292004 4.295936 -4.954741 4.926137 5.410591 25.155943 5.358852 0.952673 -11.461975 -14.964487 1.835083 2.238719 0.748968 -16.232558 -6.390029 -14.814520
11 -2.491875 -9.941803 11.640518 -13.486061 -5.463545 -13.082312 -2.975399 -3.355999 14.173673 21.147635 43.837023 -3.007139 -0.570590 -4.522679 1.890790 4.239731 -4.200979 -6.230474 0.917269 -28.517786
13 13.063129 -12.170441 -4.220578 -5.329779 4.301574 19.339728 -7.905807 -9.342295 -7.270833 -7.680342 -13.346567 2.198969 40.417845 -7.695883 -10.363445 4.155958 7.427792 9.616070 -3.015697 -12.179400
13 9.901187 -9.790432 -3.551232 -4.366732 5.297754 15.101104 -5.813020 -7.846747 -5.860803 -6.316766 -10.511899 1.219967 31.854915 -6.092966 -8.172979 2.889622 6.569899 7.180397 -2.351218 -9.340052
7 4.871611 14.254066 -6.177415 -15.364636 -6.894117 -19.350323 42.557211 24.717190 1.506338 -4.998610 -6.617931 15.645400 -5.323775 -0.035471 -16.331198 -19.185837 -0.268797 -7.307430 -3.085385 7.389108
11 -15.781759 -23.804888 15.889708 -6.838256 12.054870 -14.981170 19.628452 -4.624363 -6.264425 -0.810199 26.048183 -1.532647 4.517127 -17.672802 -2.298000 7.631693 -7.865837 6.419631 19.360354 -9.075674
13 -2.253057 -1.260863 -5.111585 0.407339 -3.753021 6.618114 -6.103414 0.698301 -4.385286 -6.981651 -2.634529 3.493849 17.664373 -7.595192 -6.133756 1.846902 -2.636749 11.264292 12.837441 -5.981510
18 -0.924465 -0.638948 5.143242 3.614544 -6.774992 7.261745 -10.351185 -4.272347 -11.516866 -7.710455 -2.909283 4.582344 11.827590 -11.248051 7.772089 14.632461 -11.711001 18.865691 2.848338 -8.490453
12 4.869869 -9.798422 -8.359423 -5.233610 11.562143 8.360820 -11.050783 -15.300424 -4.143456 0.306578 -0.264797 33.331031 5.183471 -6.265592 -1.279404 -6.341035 -10.822488 12.940118 15.908484 -13.603081
11 -12.670763 4.166404 -10.976641 8.923543 5.909012 -9.852082 -11.306213 -1.767954 13.195063 -2.422481 21.349705 15.438755 -0.081570 -17.795318 -11.757357 7.194387 7.980347 10.202127 8.028250 -23.757214
11 -6.809586 -16.850282 -13.738592 11.613831 18.869776 -12.099025 -23.008696 -5.829980 5.314045 -4.338352 60.790487 17.839700 -4.579970 -11.314371 -5.829070 -4.345743 -13.547223 -7.879717 15.117021 0.625748
16 4.245804 -0.223405 -4.688186 6.625950 4.972609 11.079544 -6.076629 -6.425912 -2.462159 -13.422330 -2.130325 -3.129120 11.053317 -6.802775 -0.445402 12.474081 -1.872112 11.587191 -0.406700 -13.953442
11 9.086007 6.696610 -17.343474 -2.019494 -3.295961 8.869721 -12.366007 -11.615292 -7.252153 3.754154 30.382151 3.208092 11.879279 -6.601258 -5.447476 -1.913338 -5.150286 0.304466 -2.467707 1.291965
13 -2.412257 6.698417 4.265693 4.515180 -3.440713 2.320616 -4.913914 7.205817 -0.636635 -0.597012 -13.805022 2.046656 12.825923 -4.121987 -4.631985 -3.041217 -6.696774 4.040254 12.231318 -11.852357
19 -3.492719 -11.246285 -9.945672 -10.915159 -2.754099 9.239335 -7.363945 -4.087898 -5.737130 -3.185029 20.627223 19.605385 6.000751 -14.831267 -0.734138 -0.679399 -7.029877 6.250210 21.384957 -1.105248
2 7.987447 15.107032 14.762874 11.686261 7.610288 -3.497284 13.620533 -0.571348 12.232178 13.215554 -48.104624 -0.412403 -18.165263 2.607371 -9.183095 8.258176 6.563792 -12.383897 -7.568447 -13.765146
13 1.678575 -2.323826 -3.156898 -0.302865 -1.188734 6.579234 -0.186773 -1.524731 -0.688847 -0.557495 -0.960219 1.472753 10.081094 -0.635339 -2.256072 -3.600310 -0.036119 0.719177 1.739817 -4.852422
11 -9.012935 -5.076292 -2.325409 -1.627153 3.224082 -1.779875 -5.923961 -3.492100 1.822315 -7.768611 20.093630 12.734133 -2.873782 -4.377252 -1.532306 9.561214 -1.414940 2.196597 -3.184762 0.757407
17 0.949894 -11.446566 -1.943876 -2.644606 -3.333752 -9.557611 -0.242513 12.163433 -1.993985 23.610617 16.519907 -4.310662 -0.765813 -0.982195 -19.262018 -22.140416 36.828576 4.914837 -11.911734 -4.451517
13 -0.583124 -3.377588 -0.067915 0.966418 -1.323264 6.194064 -4.163974 -0.569780 -4.051472 -1.826068 -8.893290 0.661886 13.092017 -1.538290 -1.694526 -0.593486 -0.457628 7.314392 5.313558 -4.401930
20 -4.442568 9.621600 -9.469223 -1.088672 -2.752047 0.341461 1.559405 16.278782 -7.189676 -1.984215 4.498712 -2.050903 -9.639815 -14.525310 5.237582 -11.617292 2.423795 -2.944270 -3.761008 31.503662
17 14.122845 0.144665 14.352435 -3.764550 3.198726 -5.979712 15.912713 6.882502 3.033036 -5.564809 -30.542455 -3.180203 -8.464830 -14.901433 0.335068 11.695427 17.079157 -7.293867 3.174336 -10.239051
16 -14.430703 6.485502 -12.211342 -0.238041 16.277093 -5.308665 -16.126773 -7.097522 -3.719090 -14.114327 1.143253 3.743605 6.916778 -3.989668 6.864349 16.352979 -9.227009 -2.646015 15.709270 15.616323
20 -2.719211 1.288023 -7.068884 -1.330239 -3.902939 1.743524 2.362232 12.040665 -3.928909 -1.674548 -1.317447 -1.092397 -7.012370 -13.009039 3.276187 -5.522711 4.111484 -1.455554 -5.509872 30.722004
13 0.181634 2.854247 -1.254650 -2.767238 2.058043 2.454770 4.270132 4.536143 -3.119515 -0.815962 -6.370618 7.653622 19.324722 -7.096825 -9.368085 -0.034310 3.135555 0.006444 0.724280 -16.372391
1 21.120907 -0.342331 4.844445 -8.709839 6.523873 -2.192969 15.085470 -7.396991 6.485388 6.406988 4.514571 -7.006665 -5.501204 -5.388622 0.840081 -3.910287 3.827851 2.430500 -12.804687 -18.826481
13 -3.555148 -3.537371 -7.328213 4.520301 -2.331936 -0.489460 -5.297618 -1.200777 -7.877436 -4.298629 6.769989 -0.808464 15.397683 -2.137408 -5.663193 -1.540843 2.749796 3.255430 13.840034 -0.466739
16 -9.187327 -3.188072 5.313349 -6.272108 -1.540486 6.260451 0.060767 -3.085371 -1.203873 -4.528868 -4.683415 -1.316664 10.700626 -6.477259 -9.470728 13.762952 0.374632 12.828248 7.800904 -6.147754
11 -2.754543 -8.034962 2.381940 -6.800744 12.321199 -11.557333 2.710885 7.578073 -2.415941 6.565856 15.096409 -1.627540 3.155369 -5.717756 -2.746141 2.580079 -10.007900 6.146652 -6.441787 -0.431815
11 5.917738 1.218734 -5.493824 -4.672440 -0.539359 6.837580 -9.389057 -7.147035 1.858942 -8.656891 22.317123 1.461882 -1.958045 -11.369910 1.269256 -3.635144 -4.962934 14.904463 14.209354 -12.170435
8 8.174044 7.637009 2.778536 -7.253510 -3.138726 -4.855067 3.475002 14.883285 3.683232 11.193207 -4.611460 4.614126 2.560407 -9.756325 -1.313040 7.904038 -10.060602 -4.557272 -6.636315 -14.720568
11 -3.177076 -0.969600 -2.519461 -5.876088 -0.662808 -5.365004 0.742144 0.074586 -2.456370 -3.091554 30.365128 -0.747376 3.487589 -4.407708 2.322814 1.048463 -1.173334 -5.526222 6.608496 -8.676619
16 -2.327247 21.643554 6.866757 -17.884660 1.107269 -10.400113 20.240434 21.994380 -2.055832 -12.903318 -48.209666 8.342884 8.380737 -6.164545 14.720391 26.136368 -19.445111 -2.519704 -18.224503 10.701927
2 3.823633 21.668827 -0.127190 3.871473 -6.374507 -5.504239 -9.045754 0.318416 -7.290932 -8.318414 -9.464034 3.383783 -7.042304 0.679054 4.703297 -3.919406 16.138092 -9.622975 -0.318643 12.441823
11 10.349957 -2.777631 11.369894 -5.266480 -0.627679 -7.158361 -1.040556 0.061793 1.705215 14.501179 31.226789 -9.419347 -16.236212 -20.046077 4.644052 3.384635 4.043554 1.002018 -9.226929 -10.489818
10 1.382745 8.922785 2.230081 -6.132710 8.574924 0.875396 7.034635 -0.628400 4.186578 20.360085 -22.333101 -1.698655 -6.654324 -15.886574 -4.781421 6.076439 2.789781 -3.962949 -0.551893 0.196578
5 1.065809 -13.803963 -6.806532 7.203791 36.484721 17.300966 -4.653420 -4.199574 -15.233780 -8.376909 5.633007 7.965865 25.097852 1.550495 -11.646226 -15.048254 -6.667302 9.062194 -0.296322 -24.632420
